epoch student_robust_acc student_natural_acc adv_teacher_robust_acc adv_teacher_natural_acc nat_teacher_robust_acc nat_teacher_natural_acc
1 0.1 0.1 0.8456 0.8479 0.8494 0.9318
10 0.1 0.1 0.8202 0.8483 0.8637 0.9318
20 0.1 0.1 0.818 0.8515 0.8656 0.9318
30 0.1 0.1 0.826 0.8506 0.8797 0.9318
40 0.1 0.1 0.8298 0.8486 0.8999 0.9318
50 0.1 0.1 0.8256 0.8481 0.8883 0.9318
60 0.1001 0.1003 0.7714 0.8543 0.7495 0.9318
70 0.4498 0.8142 0.6862 0.8609 0.5542 0.9318
80 0.5034 0.8774 0.6667 0.8645 0.5247 0.9318
90 0.508 0.8835 0.6679 0.8675 0.5196 0.9318
100 0.5135 0.8852 0.667 0.8675 0.5221 0.9318
110 0.5189 0.8873 0.6684 0.872 0.5289 0.9318
120 0.5186 0.887 0.6672 0.8732 0.5308 0.9318
130 0.5242 0.8888 0.6679 0.8737 0.5369 0.9318
140 0.5247 0.8882 0.6671 0.8742 0.5369 0.9318
150 0.53 0.8882 0.6691 0.8766 0.5423 0.9318
160 0.5294 0.8877 0.6667 0.877 0.5491 0.9318
170 0.5301 0.8877 0.6677 0.8777 0.5536 0.9318
180 0.5342 0.8901 0.6686 0.8784 0.5608 0.9318
190 0.5335 0.8891 0.6685 0.8785 0.5639 0.9318
200 0.5362 0.8878 0.6674 0.8782 0.5753 0.9318
210 0.5383 0.8874 0.6675 0.8783 0.5766 0.9318
220 0.5412 0.8884 0.6688 0.8789 0.5917 0.9318
230 0.5416 0.8888 0.6705 0.8786 0.5976 0.9318
240 0.5428 0.8875 0.6699 0.8807 0.6061 0.9318
250 0.5446 0.8869 0.6733 0.8796 0.6156 0.9318
251 0.5453 0.8865 0.6727 0.8796 0.6127 0.9318
252 0.5451 0.8862 0.672 0.8783 0.6136 0.9318
253 0.5457 0.886 0.6746 0.878 0.6155 0.9318
254 0.5463 0.886 0.6746 0.879 0.6158 0.9318
255 0.548 0.8861 0.6749 0.88 0.6142 0.9318
256 0.5485 0.8866 0.6743 0.8795 0.6158 0.9318
257 0.5476 0.8868 0.675 0.8776 0.62 0.9318
258 0.5484 0.8866 0.6747 0.8783 0.6163 0.9318
259 0.5477 0.8864 0.6765 0.8799 0.6127 0.9318
260 0.5473 0.8867 0.6748 0.8801 0.6156 0.9318
261 0.5459 0.8866 0.6754 0.8789 0.6161 0.9318
262 0.546 0.8864 0.6758 0.879 0.614 0.9318
263 0.5467 0.8861 0.6765 0.8804 0.613 0.9318
264 0.5449 0.8865 0.675 0.8788 0.6117 0.9318
265 0.5464 0.8872 0.675 0.8785 0.6166 0.9318
266 0.5458 0.887 0.676 0.8797 0.6133 0.9318
267 0.547 0.8873 0.6779 0.8792 0.6115 0.9318
268 0.5462 0.887 0.6769 0.8798 0.6093 0.9318
269 0.5469 0.8863 0.6779 0.8784 0.6093 0.9318
270 0.5466 0.8865 0.6764 0.8791 0.612 0.9318
271 0.5464 0.8865 0.6764 0.8792 0.6066 0.9318
272 0.5452 0.8872 0.6775 0.879 0.6082 0.9318
273 0.5462 0.8866 0.6771 0.8799 0.6108 0.9318
274 0.5458 0.8871 0.6771 0.8796 0.6071 0.9318
275 0.5456 0.8878 0.6787 0.8794 0.6087 0.9318
276 0.5446 0.8876 0.6786 0.8787 0.6044 0.9318
277 0.5447 0.888 0.6774 0.8798 0.6029 0.9318
278 0.5428 0.8884 0.6786 0.8793 0.6043 0.9318
279 0.5431 0.889 0.6786 0.8802 0.6045 0.9318
280 0.5422 0.8887 0.6782 0.8782 0.606 0.9318
281 0.5414 0.8893 0.6765 0.8793 0.604 0.9318
282 0.5423 0.8889 0.6771 0.8793 0.6055 0.9318
283 0.5417 0.8896 0.678 0.879 0.6016 0.9318
284 0.5423 0.8889 0.6783 0.8795 0.5999 0.9318
285 0.5408 0.8888 0.6793 0.8794 0.6015 0.9318
286 0.5412 0.8889 0.6786 0.879 0.6015 0.9318
287 0.5427 0.8888 0.6803 0.8797 0.6032 0.9318
288 0.5418 0.8889 0.6796 0.8786 0.6007 0.9318
289 0.5412 0.8891 0.6809 0.8788 0.6041 0.9318
290 0.5413 0.8887 0.6797 0.8794 0.6004 0.9318
291 0.5403 0.8891 0.6801 0.8796 0.5962 0.9318
292 0.541 0.8893 0.6798 0.8797 0.6033 0.9318
293 0.5407 0.8893 0.6796 0.879 0.5964 0.9318
294 0.5394 0.8896 0.6793 0.8788 0.599 0.9318
295 0.5411 0.8897 0.6799 0.8798 0.6006 0.9318
296 0.5407 0.8899 0.6769 0.8792 0.5944 0.9318
297 0.5394 0.8898 0.6799 0.8804 0.6025 0.9318
298 0.5409 0.8901 0.6787 0.8795 0.599 0.9318
299 0.5402 0.8901 0.6796 0.8789 0.598 0.9318
300 0.5402 0.8903 0.6789 0.8786 0.5978 0.9318
